3, 15
1: [4, 5, 10, 13, 19, 22, 24, 27, 29, 33, 34, 40]
2: [8, 14, 15, 16, 18, 22, 36, 37, 40, 41, 42, 43, 44]
3: [2, 8, 15, 16, 18, 19, 22, 32, 35, 36, 41, 44]
4: [2, 8, 11, 13, 15, 16, 18, 19, 22, 23, 29, 30, 43]
5: [2, 4, 6, 8, 15, 16, 18, 32, 35, 41]
6: [2, 3, 6, 7, 9, 10, 20, 28, 32, 35, 36, 38, 43, 44]
7: [1, 2, 8, 13, 15, 16, 22, 35, 41]
8: [4, 5, 10, 11, 13, 19, 20, 22, 24, 26, 29, 33, 34, 37]
9: [4, 5, 10, 11, 13, 19, 22, 24, 30, 31, 33, 34, 37, 38, 43]
10: [4, 5, 11, 13, 22, 24, 25, 29, 33, 34, 37, 40, 43, 45]
11: [1, 12, 14, 21, 25, 26, 27, 30, 31, 32, 34, 39, 40, 42, 45]
12: [1, 12, 14, 21, 23, 25, 26, 27, 30, 31, 32, 38, 39, 40, 42, 45]
13: [12, 14, 21, 23, 24, 25, 26, 27, 30, 31, 32, 39, 40, 42, 45]
14: [2, 8, 15, 17, 18, 21, 28, 32, 41, 44]
15: [1, 14, 15, 20, 21, 23, 25, 26, 27, 30, 31, 32, 36, 39, 40, 42, 43, 44, 45]
16: [1, 5, 8, 12, 13, 14, 19, 21, 23, 24, 25, 26, 27, 30, 31, 32, 39, 40, 42, 44, 45]
17: [3, 5, 6, 7, 9, 17, 20, 28, 30, 32, 35, 36, 38, 39, 40, 43, 44]
18: [4, 5, 10, 11, 13, 17, 19, 21, 22, 24, 26, 29, 33, 34, 37]
19: [2, 8, 15, 16, 17, 18, 20, 38, 40, 41, 42]
20: [4, 5, 9, 13, 17, 19, 22, 24, 25, 29, 33, 34, 37]
21: [2, 3, 5, 8, 15, 16, 18, 30, 35, 39]
22: [2, 8, 15, 16, 18, 22, 23, 35, 41, 45]
23: [4, 5, 10, 11, 13, 19, 22, 27, 29, 32, 33, 37, 42, 45]
24: [4, 5, 10, 11, 13, 19, 22, 24, 27, 30, 33, 34, 40, 42, 43]
25: [2, 6, 8, 13, 16, 18, 22, 32, 40]
26: [3, 4, 6, 7, 9, 17, 20, 23, 28, 35, 36, 38, 42, 43, 44]
27: [4, 6, 7, 9, 10, 17, 21, 23, 28, 33, 35, 36, 38, 43, 44]
28: [2, 5, 8, 15, 16, 18, 19, 43]
29: [4, 5, 10, 11, 13, 19, 22, 24, 29, 30, 33, 34, 43]
30: [1, 4, 5, 13, 14, 21, 23, 25, 26, 27, 30, 31, 32, 33, 39, 40, 42, 44, 45]
31: [1, 4, 5, 6, 9, 10, 11, 13, 19, 22, 24, 29, 33, 34, 37]
32: [2, 6, 8, 15, 16, 18, 31, 32, 41]
33: [3, 7, 8, 9, 20, 28, 32, 35, 36, 43, 44]
34: [1, 12, 14, 21, 23, 25, 26, 27, 30, 31, 32, 38, 39, 40, 42, 45]
35: [2, 4, 10, 11, 13, 19, 22, 24, 29, 33, 34, 35, 37, 38]
36: [1, 8, 12, 13, 14, 19, 21, 23, 25, 26, 27, 30, 31, 32, 40, 42, 45]
37: [1, 12, 14, 19, 21, 23, 25, 26, 27, 30, 31, 32, 33, 39, 40, 42, 45]
38: [3, 6, 7, 9, 17, 20, 35, 36, 38, 43, 44, 45]
39: [6, 7, 9, 14, 17, 20, 22, 28, 33, 35, 36, 38, 39, 44]
40: [2, 6, 8, 15, 16, 18, 23, 38, 41]
41: [1, 14, 21, 23, 25, 26, 27, 30, 31, 32, 39, 40, 42, 45]
42: [1, 4, 5, 8, 10, 11, 12, 13, 16, 19, 22, 24, 31, 33, 34]
43: [3, 6, 9, 15, 17, 20, 21, 28, 35, 38, 43, 44]
44: [1, 2, 8, 15, 16, 18, 23, 28, 31, 32, 41]
45: [3, 6, 7, 9, 17, 20, 23, 28, 35, 36, 38, 42, 43, 44]
46: [5, 7, 8, 9, 11, 15, 16, 20, 23, 31, 41]
47: [1, 4, 12, 21, 25, 26, 27, 30, 31, 32, 39, 40, 42, 45]
48: [3, 4, 6, 7, 9, 17, 20, 24, 28, 31, 35, 36, 38, 40, 43, 44]
49: [1, 12, 14, 21, 23, 25, 26, 27, 30, 31, 32, 39, 40, 42, 45]
50: [4, 5, 8, 10, 11, 13, 16, 19, 22, 24, 29, 33, 37]
51: [4, 5, 6, 10, 11, 13, 19, 21, 22, 24, 29, 32, 33, 34, 35, 37]
52: [4, 5, 10, 11, 13, 19, 22, 24, 27, 29, 30, 34, 37, 38, 40]
53: [4, 6, 7, 9, 17, 20, 25, 28, 35, 38, 43, 44]
54: [2, 5, 12, 14, 21, 25, 27, 30, 31, 32, 33, 39, 40, 42, 45]
55: [3, 6, 7, 9, 14, 17, 20, 27, 28, 32, 35, 38, 43, 44]
56: [2, 4, 7, 8, 13, 15, 16, 18, 19, 36, 41]
57: [1, 4, 12, 14, 16, 21, 23, 25, 26, 27, 30, 31, 32, 39, 40, 42, 44, 45]
58: [12, 13, 14, 21, 23, 25, 26, 27, 30, 31, 32, 34, 35, 36, 39, 40, 42, 45]
59: [8, 11, 15, 18, 20, 22, 23, 28, 38, 40, 41, 43]
60: [4, 5, 10, 11, 20, 22, 24, 29, 35, 37]
61: [4, 5, 6, 10, 11, 13, 19, 22, 24, 29, 33, 34, 35, 39]
62: [1, 5, 6, 13, 14, 16, 21, 23, 24, 26, 27, 30, 31, 32, 39, 40, 42, 44, 45]
63: [4, 7, 10, 11, 13, 16, 18, 19, 22, 24, 29, 34]
64: [2, 8, 10, 11, 13, 15, 16, 18, 22, 41]
65: [2, 7, 8, 15, 16, 18, 21, 30, 36, 41]
66: [3, 6, 7, 9, 13, 20, 24, 28, 35, 36, 37, 38, 43, 44]
67: [2, 8, 13, 15, 16, 18, 20, 37, 42]
68: [2, 4, 5, 8, 9, 14, 15, 16, 18, 20, 24, 30, 40, 41]
69: [3, 4, 5, 10, 11, 19, 21, 22, 24, 28, 29, 30, 33, 34, 40, 41]
70: [8, 14, 15, 16, 18, 30, 41]
71: [1, 6, 7, 9, 17, 20, 26, 28, 35, 36, 38, 43, 44]
72: [2, 8, 15, 16, 18, 19, 25, 30, 43]
73: [2, 6, 8, 11, 15, 16, 18, 19, 24, 27, 28, 35, 41, 42]
74: [1, 11, 12, 14, 17, 21, 22, 23, 24, 25, 26, 27, 30, 31, 32, 39, 40, 42, 45]
75: [2, 4, 5, 9, 10, 13, 16, 19, 22, 24, 26, 27, 29, 33, 34, 36, 37]
76: [4, 5, 10, 11, 13, 19, 20, 22, 24, 33, 34, 37, 42]
77: [1, 12, 14, 19, 21, 23, 26, 27, 30, 31, 32, 39, 40, 42, 43, 45]
78: [2, 4, 8, 15, 16, 18, 19, 22, 28, 41]
79: [2, 8, 15, 16, 18, 38, 41, 42]
80: [4, 5, 10, 11, 13, 19, 22, 25, 33, 34, 37, 42, 45]
81: [1, 3, 4, 6, 7, 9, 17, 20, 35, 36, 38, 43, 44]
82: [1, 6, 12, 14, 15, 21, 23, 25, 26, 27, 30, 31, 32, 34, 36, 39, 40, 42, 45]
83: [4, 5, 6, 8, 10, 11, 13, 19, 22, 24, 33, 35, 36, 37, 40]
84: [4, 5, 6, 9, 10, 13, 14, 22, 24, 29, 30, 34, 37]
85: [1, 4, 14, 19, 21, 23, 25, 27, 30, 31, 32, 33, 39, 40, 42, 45]
86: [2, 8, 13, 15, 18, 35, 41]
87: [1, 12, 14, 21, 23, 26, 27, 30, 31, 32, 40, 41, 42, 44, 45]
88: [3, 6, 7, 9, 15, 17, 20, 35, 36, 38, 39, 41, 43, 44]
89: [3, 6, 7, 9, 17, 20, 22, 24, 28, 34, 35, 36, 38, 41, 43, 44]
90: [6, 8, 10, 14, 21, 23, 25, 26, 27, 29, 30, 31, 32, 40, 42, 45]
91: [2, 8, 15, 18]
92: [2, 8, 11, 15, 16, 30, 35, 38, 41]
93: [1, 14, 21, 23, 25, 27, 30, 31, 32, 33, 39, 40, 42, 45]
94: [1, 12, 14, 21, 23, 25, 26, 27, 30, 31, 32, 39, 40, 42, 45]
95: [1, 5, 9, 14, 17, 20, 21, 23, 25, 27, 30, 31, 32, 39, 40, 42, 45]
96: [1, 12, 14, 21, 23, 25, 26, 27, 30, 31, 32, 35, 36, 39, 40, 42, 44]
97: [4, 5, 6, 10, 11, 13, 14, 19, 22, 24, 29, 33, 34]
98: [2, 3, 6, 7, 9, 17, 20, 24, 28, 35, 36, 38, 40, 43, 44]
99: [3, 6, 7, 9, 17, 20, 21, 28, 31, 33, 35, 36, 38, 39, 43, 44, 45]
100: [3, 4, 5, 10, 11, 13, 15, 19, 20, 22, 24, 33, 34, 37, 38]
